y=   17.8151   18.0342   18.2282   18.4702   18.3575   18.3358   18.2262   18.1539   17.8422   17.3942   16.8556
   16.3038   15.7226   15.1369   14.5418   13.9423   13.3425   12.7426   12.1427   11.5427   10.9427   10.3427
    9.7427    9.1427    8.6628    8.2021    7.8495    7.7492    7.6355    7.5879    7.5678    7.5646    7.7895
    8.1982    8.5974    9.0402    9.4883    9.9450   10.4185   10.9001   11.3971   11.5698   11.4812   11.5382
   11.5867   12.0664   12.5871   13.1778   13.7771   14.3765   14.9740   15.5725   16.1717   16.7512   17.3365
   17.9166   18.3990   18.8593   19.1257   18.8573   18.4012   18.0318   17.7071   17.5295   17.3216   17.6213


x=   -9.8036  -10.3622  -10.9299  -11.4789  -12.0683  -12.6679  -13.2578  -13.8534  -14.3661  -14.7651  -15.0296
  -15.2652  -15.4142  -15.5445  -15.6207  -15.6463  -15.6627  -15.6732  -15.6802  -15.6865  -15.6918  -15.6958
  -15.6962  -15.6964  -15.3364  -14.9519  -14.4665  -13.8749  -13.2858  -12.6877  -12.0880  -11.4880  -10.9318
  -10.4925  -10.0445   -9.6397   -9.2407   -8.8516   -8.4830   -8.1251   -7.7891   -7.2145   -6.6210   -6.0237
   -5.4257   -5.0653   -4.7672   -4.6616   -4.6332   -4.6075   -4.5527   -4.5102   -4.4792   -4.6347   -4.7669
   -4.9201   -5.2769   -5.6618   -6.1994   -6.7360   -7.1258   -7.5986   -8.1031   -8.6763   -9.2391   -9.7589


















